      1,    0.0000000,    0.0000000,    0.0000000
      2,    0.0000000,   20.0000000,    0.0000000
      3,   20.0000000,    0.0000000,    0.0000000
      4,  -20.0000000,    0.0000000,    0.0000000
      5,    0.0000000,   20.0000000,   40.0000000
      6,   20.0000000,    0.0000000,   40.0000000
      7,    0.0000000,  -20.0000000,    0.0000000
      8,  -20.0000000,    0.0000000,   40.0000000
      9,    0.0000000,    0.0000000,   40.0000000
     10,    0.0000000,  -20.0000000,   40.0000000
     11,    0.0000000,    2.8571429,    0.0000000
     12,    0.0000000,    5.7142859,    0.0000000
     13,    0.0000000,    8.5714283,    0.0000000
     14,    0.0000000,   11.4285717,    0.0000000
     15,    0.0000000,   14.2857141,    0.0000000
     16,    0.0000000,   17.1428566,    0.0000000
     17,    3.9018064,   19.6157055,    0.0000000
     18,    7.6536689,   18.4775906,    0.0000000
     19,   11.1114044,   16.6293926,    0.0000000
     20,   14.1421356,   14.1421356,    0.0000000
     21,   16.6293926,   11.1114044,    0.0000000
     22,   18.4775906,    7.6536689,    0.0000000
     23,   19.6157055,    3.9018064,    0.0000000
     24,   17.1428566,    0.0000000,    0.0000000
     25,   14.2857141,    0.0000000,    0.0000000
     26,   11.4285717,    0.0000000,    0.0000000
     27,    8.5714283,    0.0000000,    0.0000000
     28,    5.7142859,    0.0000000,    0.0000000
     29,    2.8571429,    0.0000000,    0.0000000
     30,   -2.8571429,    0.0000000,    0.0000000
     31,   -5.7142859,    0.0000000,    0.0000000
     32,   -8.5714283,    0.0000000,    0.0000000
     33,  -11.4285717,    0.0000000,    0.0000000
     34,  -14.2857141,    0.0000000,    0.0000000
     35,  -17.1428566,    0.0000000,    0.0000000
     36,  -19.6157055,    3.9018064,    0.0000000
     37,  -18.4775906,    7.6536689,    0.0000000
     38,  -16.6293926,   11.1114044,    0.0000000
     39,  -14.1421356,   14.1421356,    0.0000000
     40,  -11.1114044,   16.6293926,    0.0000000
     41,   -7.6536689,   18.4775906,    0.0000000
     42,   -3.9018064,   19.6157055,    0.0000000
     43,    0.0000000,   20.0000000,    2.0000000
     44,    0.0000000,   20.0000000,    4.0000000
     45,    0.0000000,   20.0000000,    6.0000000
     46,    0.0000000,   20.0000000,    8.0000000
     47,    0.0000000,   20.0000000,   10.0000000
     48,    0.0000000,   20.0000000,   12.0000000
     49,    0.0000000,   20.0000000,   14.0000000
     50,    0.0000000,   20.0000000,   16.0000000
     51,    0.0000000,   20.0000000,   18.0000000
     52,    0.0000000,   20.0000000,   20.0000000
     53,    0.0000000,   20.0000000,   22.0000000
     54,    0.0000000,   20.0000000,   24.0000000
     55,    0.0000000,   20.0000000,   26.0000000
     56,    0.0000000,   20.0000000,   28.0000000
     57,    0.0000000,   20.0000000,   30.0000000
     58,    0.0000000,   20.0000000,   32.0000000
     59,    0.0000000,   20.0000000,   34.0000000
     60,    0.0000000,   20.0000000,   36.0000000
     61,    0.0000000,   20.0000000,   38.0000000
     62,    3.9018064,   19.6157055,   40.0000000
     63,    7.6536689,   18.4775906,   40.0000000
     64,   11.1114044,   16.6293926,   40.0000000
     65,   14.1421356,   14.1421356,   40.0000000
     66,   16.6293926,   11.1114044,   40.0000000
     67,   18.4775906,    7.6536689,   40.0000000
     68,   19.6157055,    3.9018064,   40.0000000
     69,   20.0000000,    0.0000000,   38.0000000
     70,   20.0000000,    0.0000000,   36.0000000
     71,   20.0000000,    0.0000000,   34.0000000
     72,   20.0000000,    0.0000000,   32.0000000
     73,   20.0000000,    0.0000000,   30.0000000
     74,   20.0000000,    0.0000000,   28.0000000
     75,   20.0000000,    0.0000000,   26.0000000
     76,   20.0000000,    0.0000000,   24.0000000
     77,   20.0000000,    0.0000000,   22.0000000
     78,   20.0000000,    0.0000000,   20.0000000
     79,   20.0000000,    0.0000000,   18.0000000
     80,   20.0000000,    0.0000000,   16.0000000
     81,   20.0000000,    0.0000000,   14.0000000
     82,   20.0000000,    0.0000000,   12.0000000
     83,   20.0000000,    0.0000000,   10.0000000
     84,   20.0000000,    0.0000000,    8.0000000
     85,   20.0000000,    0.0000000,    6.0000000
     86,   20.0000000,    0.0000000,    4.0000000
     87,   20.0000000,    0.0000000,    2.0000000
     88,    0.0000000,  -17.1428566,    0.0000000
     89,    0.0000000,  -14.2857141,    0.0000000
     90,    0.0000000,  -11.4285717,    0.0000000
     91,    0.0000000,   -8.5714283,    0.0000000
     92,    0.0000000,   -5.7142859,    0.0000000
     93,    0.0000000,   -2.8571429,    0.0000000
     94,   19.6157055,   -3.9018064,    0.0000000
     95,   18.4775906,   -7.6536689,    0.0000000
     96,   16.6293926,  -11.1114044,    0.0000000
     97,   14.1421356,  -14.1421356,    0.0000000
     98,   11.1114044,  -16.6293926,    0.0000000
     99,    7.6536689,  -18.4775906,    0.0000000
    100,    3.9018064,  -19.6157055,    0.0000000
    101,   -3.9018064,  -19.6157055,    0.0000000
    102,   -7.6536689,  -18.4775906,    0.0000000
    103,  -11.1114044,  -16.6293926,    0.0000000
    104,  -14.1421356,  -14.1421356,    0.0000000
    105,  -16.6293926,  -11.1114044,    0.0000000
    106,  -18.4775906,   -7.6536689,    0.0000000
    107,  -19.6157055,   -3.9018064,    0.0000000
    108,  -20.0000000,    0.0000000,    2.0000000
    109,  -20.0000000,    0.0000000,    4.0000000
    110,  -20.0000000,    0.0000000,    6.0000000
    111,  -20.0000000,    0.0000000,    8.0000000
    112,  -20.0000000,    0.0000000,   10.0000000
    113,  -20.0000000,    0.0000000,   12.0000000
    114,  -20.0000000,    0.0000000,   14.0000000
    115,  -20.0000000,    0.0000000,   16.0000000
    116,  -20.0000000,    0.0000000,   18.0000000
    117,  -20.0000000,    0.0000000,   20.0000000
    118,  -20.0000000,    0.0000000,   22.0000000
    119,  -20.0000000,    0.0000000,   24.0000000
    120,  -20.0000000,    0.0000000,   26.0000000
    121,  -20.0000000,    0.0000000,   28.0000000
    122,  -20.0000000,    0.0000000,   30.0000000
    123,  -20.0000000,    0.0000000,   32.0000000
    124,  -20.0000000,    0.0000000,   34.0000000
    125,  -20.0000000,    0.0000000,   36.0000000
    126,  -20.0000000,    0.0000000,   38.0000000
    127,  -19.6157055,    3.9018064,   40.0000000
    128,  -18.4775906,    7.6536689,   40.0000000
    129,  -16.6293926,   11.1114044,   40.0000000
    130,  -14.1421356,   14.1421356,   40.0000000
    131,  -11.1114044,   16.6293926,   40.0000000
    132,   -7.6536689,   18.4775906,   40.0000000
    133,   -3.9018064,   19.6157055,   40.0000000
    134,    0.0000000,   17.1428566,   40.0000000
    135,    0.0000000,   14.2857141,   40.0000000
    136,    0.0000000,   11.4285717,   40.0000000
    137,    0.0000000,    8.5714283,   40.0000000
    138,    0.0000000,    5.7142859,   40.0000000
    139,    0.0000000,    2.8571429,   40.0000000
    140,    2.8571429,    0.0000000,   40.0000000
    141,    5.7142859,    0.0000000,   40.0000000
    142,    8.5714283,    0.0000000,   40.0000000
    143,   11.4285717,    0.0000000,   40.0000000
    144,   14.2857141,    0.0000000,   40.0000000
    145,   17.1428566,    0.0000000,   40.0000000
    146,    0.0000000,  -20.0000000,   38.0000000
    147,    0.0000000,  -20.0000000,   36.0000000
    148,    0.0000000,  -20.0000000,   34.0000000
    149,    0.0000000,  -20.0000000,   32.0000000
    150,    0.0000000,  -20.0000000,   30.0000000
    151,    0.0000000,  -20.0000000,   28.0000000
    152,    0.0000000,  -20.0000000,   26.0000000
    153,    0.0000000,  -20.0000000,   24.0000000
    154,    0.0000000,  -20.0000000,   22.0000000
    155,    0.0000000,  -20.0000000,   20.0000000
    156,    0.0000000,  -20.0000000,   18.0000000
    157,    0.0000000,  -20.0000000,   16.0000000
    158,    0.0000000,  -20.0000000,   14.0000000
    159,    0.0000000,  -20.0000000,   12.0000000
    160,    0.0000000,  -20.0000000,   10.0000000
    161,    0.0000000,  -20.0000000,    8.0000000
    162,    0.0000000,  -20.0000000,    6.0000000
    163,    0.0000000,  -20.0000000,    4.0000000
    164,    0.0000000,  -20.0000000,    2.0000000
    165,   19.6157055,   -3.9018064,   40.0000000
    166,   18.4775906,   -7.6536689,   40.0000000
    167,   16.6293926,  -11.1114044,   40.0000000
    168,   14.1421356,  -14.1421356,   40.0000000
    169,   11.1114044,  -16.6293926,   40.0000000
    170,    7.6536689,  -18.4775906,   40.0000000
    171,    3.9018064,  -19.6157055,   40.0000000
    172,   -3.9018064,  -19.6157055,   40.0000000
    173,   -7.6536689,  -18.4775906,   40.0000000
    174,  -11.1114044,  -16.6293926,   40.0000000
    175,  -14.1421356,  -14.1421356,   40.0000000
    176,  -16.6293926,  -11.1114044,   40.0000000
    177,  -18.4775906,   -7.6536689,   40.0000000
    178,  -19.6157055,   -3.9018064,   40.0000000
    179,  -17.1428566,    0.0000000,   40.0000000
    180,  -14.2857141,    0.0000000,   40.0000000
    181,  -11.4285717,    0.0000000,   40.0000000
    182,   -8.5714283,    0.0000000,   40.0000000
    183,   -5.7142859,    0.0000000,   40.0000000
    184,   -2.8571429,    0.0000000,   40.0000000
    185,    0.0000000,   -2.8571429,   40.0000000
    186,    0.0000000,   -5.7142859,   40.0000000
    187,    0.0000000,   -8.5714283,   40.0000000
    188,    0.0000000,  -11.4285717,   40.0000000
    189,    0.0000000,  -14.2857141,   40.0000000
    190,    0.0000000,  -17.1428566,   40.0000000
    191,    3.2865701,   16.2274742,    0.0000000
    192,    2.6637936,    7.0286713,    0.0000000
    193,   13.2124310,    2.5968001,    0.0000000
    194,    2.8374844,   10.0729542,    0.0000000
    195,    2.9531138,   13.1238508,    0.0000000
    196,   10.1256809,    2.7840049,    0.0000000
    197,    7.1520968,    2.6711760,    0.0000000
    198,    2.5915484,    3.9024136,    0.0000000
    199,   10.1350603,   12.7295761,    0.0000000
    200,   12.8035564,   10.1130733,    0.0000000
    201,   15.7064552,    5.0282621,    0.0000000
    202,    8.0989523,   14.9129906,    0.0000000
    203,   15.1302433,    7.9905343,    0.0000000
    204,    4.7443137,    2.3842206,    0.0000000
    205,    6.2892165,   11.8777962,    0.0000000
    206,    5.4720898,    5.2889099,    0.0000000
    207,    8.4680662,    5.4573360,    0.0000000
    208,   12.0533514,    6.1239281,    0.0000000
    209,    5.5478153,    8.3703327,    0.0000000
    210,    8.9134779,    8.8183174,    0.0000000
    211,   15.9926329,    2.3053739,    0.0000000
    212,    5.6563044,   14.9239407,    0.0000000
    213,    7.1003623,    6.9837241,    0.0000000
    214,   -4.0164304,   15.9112682,    0.0000000
    215,  -13.0123634,    2.8119936,    0.0000000
    216,  -16.2101097,    3.3185713,    0.0000000
    217,   -6.9733343,    2.6905799,    0.0000000
    218,   -2.3112557,    4.8036179,    0.0000000
    219,   -2.5291407,    7.2176185,    0.0000000
    220,   -2.6933963,   10.0039577,    0.0000000
    221,   -3.0848517,   12.7632360,    0.0000000
    222,  -10.0229883,    2.7082076,    0.0000000
    223,   -3.8506446,    2.6508062,    0.0000000
    224,  -11.8089352,    5.5349326,    0.0000000
    225,   -5.1966267,    8.5691624,    0.0000000
    226,   -8.6384315,    5.4456668,    0.0000000
    227,   -5.2677660,    5.5643878,    0.0000000
    228,   -5.6905389,   11.1915102,    0.0000000
    229,  -14.7369967,    5.5062285,    0.0000000
    230,   -5.9761987,   13.5513639,    0.0000000
    231,  -12.9608612,   10.9095163,    0.0000000
    232,   -9.4429083,   12.5237694,    0.0000000
    233,  -10.2895269,    8.5613680,    0.0000000
    234,   -7.5989060,    9.6838141,    0.0000000
    235,   -7.3982515,    7.5648799,    0.0000000
    236,   -7.6401219,   15.4186773,    0.0000000
    237,  -14.1505508,    8.2128534,    0.0000000
    238,    3.9018064,   19.6157055,    2.0000000
    239,    3.9018064,   19.6157055,    4.0000000
    240,    3.9018064,   19.6157055,    6.0000000
    241,    3.9018064,   19.6157055,    8.0000000
    242,    3.9018064,   19.6157055,   10.0000000
    243,    3.9018064,   19.6157055,   12.0000000
    244,    3.9018064,   19.6157055,   14.0000000
    245,    3.9018064,   19.6157055,   16.0000000
    246,    3.9018064,   19.6157055,   18.0000000
    247,    3.9018064,   19.6157055,   20.0000000
    248,    3.9018064,   19.6157055,   22.0000000
    249,    3.9018064,   19.6157055,   24.0000000
    250,    3.9018064,   19.6157055,   26.0000000
    251,    3.9018064,   19.6157055,   28.0000000
    252,    3.9018064,   19.6157055,   30.0000000
    253,    3.9018064,   19.6157055,   32.0000000
    254,    3.9018064,   19.6157055,   34.0000000
    255,    3.9018064,   19.6157055,   36.0000000
    256,    3.9018064,   19.6157055,   38.0000000
    257,    7.6536689,   18.4775906,    2.0000000
    258,    7.6536689,   18.4775906,    4.0000000
    259,    7.6536689,   18.4775906,    6.0000000
    260,    7.6536689,   18.4775906,    8.0000000
    261,    7.6536689,   18.4775906,   10.0000000
    262,    7.6536689,   18.4775906,   12.0000000
    263,    7.6536689,   18.4775906,   14.0000000
    264,    7.6536689,   18.4775906,   16.0000000
    265,    7.6536689,   18.4775906,   18.0000000
    266,    7.6536689,   18.4775906,   20.0000000
    267,    7.6536689,   18.4775906,   22.0000000
    268,    7.6536689,   18.4775906,   24.0000000
    269,    7.6536689,   18.4775906,   26.0000000
    270,    7.6536689,   18.4775906,   28.0000000
    271,    7.6536689,   18.4775906,   30.0000000
    272,    7.6536689,   18.4775906,   32.0000000
    273,    7.6536689,   18.4775906,   34.0000000
    274,    7.6536689,   18.4775906,   36.0000000
    275,    7.6536689,   18.4775906,   38.0000000
    276,   11.1114044,   16.6293926,    2.0000000
    277,   11.1114044,   16.6293926,    4.0000000
    278,   11.1114044,   16.6293926,    6.0000000
    279,   11.1114044,   16.6293926,    8.0000000
    280,   11.1114044,   16.6293926,   10.0000000
    281,   11.1114044,   16.6293926,   12.0000000
    282,   11.1114044,   16.6293926,   14.0000000
    283,   11.1114044,   16.6293926,   16.0000000
    284,   11.1114044,   16.6293926,   18.0000000
    285,   11.1114044,   16.6293926,   20.0000000
    286,   11.1114044,   16.6293926,   22.0000000
    287,   11.1114044,   16.6293926,   24.0000000
    288,   11.1114044,   16.6293926,   26.0000000
    289,   11.1114044,   16.6293926,   28.0000000
    290,   11.1114044,   16.6293926,   30.0000000
    291,   11.1114044,   16.6293926,   32.0000000
    292,   11.1114044,   16.6293926,   34.0000000
    293,   11.1114044,   16.6293926,   36.0000000
    294,   11.1114044,   16.6293926,   38.0000000
    295,   14.1421356,   14.1421356,    2.0000000
    296,   14.1421356,   14.1421356,    4.0000000
    297,   14.1421356,   14.1421356,    6.0000000
    298,   14.1421356,   14.1421356,    8.0000000
    299,   14.1421356,   14.1421356,   10.0000000
    300,   14.1421356,   14.1421356,   12.0000000
    301,   14.1421356,   14.1421356,   14.0000000
    302,   14.1421356,   14.1421356,   16.0000000
    303,   14.1421356,   14.1421356,   18.0000000
    304,   14.1421356,   14.1421356,   20.0000000
    305,   14.1421356,   14.1421356,   22.0000000
    306,   14.1421356,   14.1421356,   24.0000000
    307,   14.1421356,   14.1421356,   26.0000000
    308,   14.1421356,   14.1421356,   28.0000000
    309,   14.1421356,   14.1421356,   30.0000000
    310,   14.1421356,   14.1421356,   32.0000000
    311,   14.1421356,   14.1421356,   34.0000000
    312,   14.1421356,   14.1421356,   36.0000000
    313,   14.1421356,   14.1421356,   38.0000000
    314,   16.6293926,   11.1114044,    2.0000000
    315,   16.6293926,   11.1114044,    4.0000000
    316,   16.6293926,   11.1114044,    6.0000000
    317,   16.6293926,   11.1114044,    8.0000000
    318,   16.6293926,   11.1114044,   10.0000000
    319,   16.6293926,   11.1114044,   12.0000000
    320,   16.6293926,   11.1114044,   14.0000000
    321,   16.6293926,   11.1114044,   16.0000000
    322,   16.6293926,   11.1114044,   18.0000000
    323,   16.6293926,   11.1114044,   20.0000000
    324,   16.6293926,   11.1114044,   22.0000000
    325,   16.6293926,   11.1114044,   24.0000000
    326,   16.6293926,   11.1114044,   26.0000000
    327,   16.6293926,   11.1114044,   28.0000000
    328,   16.6293926,   11.1114044,   30.0000000
    329,   16.6293926,   11.1114044,   32.0000000
    330,   16.6293926,   11.1114044,   34.0000000
    331,   16.6293926,   11.1114044,   36.0000000
    332,   16.6293926,   11.1114044,   38.0000000
    333,   18.4775906,    7.6536689,    2.0000000
    334,   18.4775906,    7.6536689,    4.0000000
    335,   18.4775906,    7.6536689,    6.0000000
    336,   18.4775906,    7.6536689,    8.0000000
    337,   18.4775906,    7.6536689,   10.0000000
    338,   18.4775906,    7.6536689,   12.0000000
    339,   18.4775906,    7.6536689,   14.0000000
    340,   18.4775906,    7.6536689,   16.0000000
    341,   18.4775906,    7.6536689,   18.0000000
    342,   18.4775906,    7.6536689,   20.0000000
    343,   18.4775906,    7.6536689,   22.0000000
    344,   18.4775906,    7.6536689,   24.0000000
    345,   18.4775906,    7.6536689,   26.0000000
    346,   18.4775906,    7.6536689,   28.0000000
    347,   18.4775906,    7.6536689,   30.0000000
    348,   18.4775906,    7.6536689,   32.0000000
    349,   18.4775906,    7.6536689,   34.0000000
    350,   18.4775906,    7.6536689,   36.0000000
    351,   18.4775906,    7.6536689,   38.0000000
    352,   19.6157055,    3.9018064,    2.0000000
    353,   19.6157055,    3.9018064,    4.0000000
    354,   19.6157055,    3.9018064,    6.0000000
    355,   19.6157055,    3.9018064,    8.0000000
    356,   19.6157055,    3.9018064,   10.0000000
    357,   19.6157055,    3.9018064,   12.0000000
    358,   19.6157055,    3.9018064,   14.0000000
    359,   19.6157055,    3.9018064,   16.0000000
    360,   19.6157055,    3.9018064,   18.0000000
    361,   19.6157055,    3.9018064,   20.0000000
    362,   19.6157055,    3.9018064,   22.0000000
    363,   19.6157055,    3.9018064,   24.0000000
    364,   19.6157055,    3.9018064,   26.0000000
    365,   19.6157055,    3.9018064,   28.0000000
    366,   19.6157055,    3.9018064,   30.0000000
    367,   19.6157055,    3.9018064,   32.0000000
    368,   19.6157055,    3.9018064,   34.0000000
    369,   19.6157055,    3.9018064,   36.0000000
    370,   19.6157055,    3.9018064,   38.0000000
    371,    4.0262847,  -15.9227142,    0.0000000
    372,    3.0878623,  -12.7489672,    0.0000000
    373,    2.8120835,   -9.9079447,    0.0000000
    374,    2.7022963,   -6.9697747,    0.0000000
    375,    2.6252873,   -3.8675835,    0.0000000
    376,   15.8790216,   -4.0286779,    0.0000000
    377,   12.6940298,   -3.0762589,    0.0000000
    378,    9.8979120,   -2.7721205,    0.0000000
    379,    7.1381984,   -2.6103232,    0.0000000
    380,    4.7593927,   -2.3507905,    0.0000000
    381,    5.4143338,   -8.3272696,    0.0000000
    382,    5.8111305,  -11.1592512,    0.0000000
    383,    8.4225826,   -5.1472473,    0.0000000
    384,   11.0478172,   -5.6105013,    0.0000000
    385,    5.4964151,   -5.2037797,    0.0000000
    386,   13.4463024,   -5.9291205,    0.0000000
    387,    5.9692678,  -13.6427174,    0.0000000
    388,   12.2154198,   -9.2628632,    0.0000000
    389,    9.3063536,  -12.8268509,    0.0000000
    390,    8.2766809,   -9.3530769,    0.0000000
    391,    9.4750624,   -7.3054314,    0.0000000
    392,    7.4170151,   -7.0673613,    0.0000000
    393,   15.3295450,   -7.5971470,    0.0000000
    394,    7.6133962,  -15.4998531,    0.0000000
    395,  -13.0754223,   -2.8041000,    0.0000000
    396,  -16.2155972,   -3.3005340,    0.0000000
    397,   -2.6175258,   -3.8799937,    0.0000000
    398,   -4.0266066,  -15.9394407,    0.0000000
    399,   -3.0869286,  -12.7708426,    0.0000000
    400,   -2.8102660,   -9.9304619,    0.0000000
    401,   -2.7104115,   -6.9816203,    0.0000000
    402,   -7.2062106,   -2.5993128,    0.0000000
    403,  -10.1255980,   -2.6688280,    0.0000000
    404,   -4.7770677,   -2.3556032,    0.0000000
    405,  -11.8422232,   -5.3184719,    0.0000000
    406,   -5.4809337,   -8.4444408,    0.0000000
    407,   -8.7912359,   -5.1660390,    0.0000000
    408,   -5.6032276,   -5.2544241,    0.0000000
    409,   -5.8425355,  -11.3014374,    0.0000000
    410,   -5.9681783,  -13.7450390,    0.0000000
    411,  -14.7272873,   -5.4168844,    0.0000000
    412,   -9.3176432,  -13.1296682,    0.0000000
    413,  -12.1656141,  -10.6600237,    0.0000000
    414,   -7.7508612,   -7.2868376,    0.0000000
    415,   -8.5002651,   -9.7632265,    0.0000000
    416,  -10.5126343,   -7.7003746,    0.0000000
    417,   -7.6155000,  -15.5842266,    0.0000000
    418,  -14.0591240,   -7.9768047,    0.0000000
    419,   -3.9018064,   19.6157055,   38.0000000
    420,   -3.9018064,   19.6157055,   36.0000000
    421,   -3.9018064,   19.6157055,   34.0000000
    422,   -3.9018064,   19.6157055,   32.0000000
    423,   -3.9018064,   19.6157055,   30.0000000
    424,   -3.9018064,   19.6157055,   28.0000000
    425,   -3.9018064,   19.6157055,   26.0000000
    426,   -3.9018064,   19.6157055,   24.0000000
    427,   -3.9018064,   19.6157055,   22.0000000
    428,   -3.9018064,   19.6157055,   20.0000000
    429,   -3.9018064,   19.6157055,   18.0000000
    430,   -3.9018064,   19.6157055,   16.0000000
    431,   -3.9018064,   19.6157055,   14.0000000
    432,   -3.9018064,   19.6157055,   12.0000000
    433,   -3.9018064,   19.6157055,   10.0000000
    434,   -3.9018064,   19.6157055,    8.0000000
    435,   -3.9018064,   19.6157055,    6.0000000
    436,   -3.9018064,   19.6157055,    4.0000000
    437,   -3.9018064,   19.6157055,    2.0000000
    438,   -7.6536689,   18.4775906,   38.0000000
    439,   -7.6536689,   18.4775906,   36.0000000
    440,   -7.6536689,   18.4775906,   34.0000000
    441,   -7.6536689,   18.4775906,   32.0000000
    442,   -7.6536689,   18.4775906,   30.0000000
    443,   -7.6536689,   18.4775906,   28.0000000
    444,   -7.6536689,   18.4775906,   26.0000000
    445,   -7.6536689,   18.4775906,   24.0000000
    446,   -7.6536689,   18.4775906,   22.0000000
    447,   -7.6536689,   18.4775906,   20.0000000
    448,   -7.6536689,   18.4775906,   18.0000000
    449,   -7.6536689,   18.4775906,   16.0000000
    450,   -7.6536689,   18.4775906,   14.0000000
    451,   -7.6536689,   18.4775906,   12.0000000
    452,   -7.6536689,   18.4775906,   10.0000000
    453,   -7.6536689,   18.4775906,    8.0000000
    454,   -7.6536689,   18.4775906,    6.0000000
    455,   -7.6536689,   18.4775906,    4.0000000
    456,   -7.6536689,   18.4775906,    2.0000000
    457,  -11.1114044,   16.6293926,   38.0000000
    458,  -11.1114044,   16.6293926,   36.0000000
    459,  -11.1114044,   16.6293926,   34.0000000
    460,  -11.1114044,   16.6293926,   32.0000000
    461,  -11.1114044,   16.6293926,   30.0000000
    462,  -11.1114044,   16.6293926,   28.0000000
    463,  -11.1114044,   16.6293926,   26.0000000
    464,  -11.1114044,   16.6293926,   24.0000000
    465,  -11.1114044,   16.6293926,   22.0000000
    466,  -11.1114044,   16.6293926,   20.0000000
    467,  -11.1114044,   16.6293926,   18.0000000
    468,  -11.1114044,   16.6293926,   16.0000000
    469,  -11.1114044,   16.6293926,   14.0000000
    470,  -11.1114044,   16.6293926,   12.0000000
    471,  -11.1114044,   16.6293926,   10.0000000
    472,  -11.1114044,   16.6293926,    8.0000000
    473,  -11.1114044,   16.6293926,    6.0000000
    474,  -11.1114044,   16.6293926,    4.0000000
    475,  -11.1114044,   16.6293926,    2.0000000
    476,  -14.1421356,   14.1421356,   38.0000000
    477,  -14.1421356,   14.1421356,   36.0000000
    478,  -14.1421356,   14.1421356,   34.0000000
    479,  -14.1421356,   14.1421356,   32.0000000
    480,  -14.1421356,   14.1421356,   30.0000000
    481,  -14.1421356,   14.1421356,   28.0000000
    482,  -14.1421356,   14.1421356,   26.0000000
    483,  -14.1421356,   14.1421356,   24.0000000
    484,  -14.1421356,   14.1421356,   22.0000000
    485,  -14.1421356,   14.1421356,   20.0000000
    486,  -14.1421356,   14.1421356,   18.0000000
    487,  -14.1421356,   14.1421356,   16.0000000
    488,  -14.1421356,   14.1421356,   14.0000000
    489,  -14.1421356,   14.1421356,   12.0000000
    490,  -14.1421356,   14.1421356,   10.0000000
    491,  -14.1421356,   14.1421356,    8.0000000
    492,  -14.1421356,   14.1421356,    6.0000000
    493,  -14.1421356,   14.1421356,    4.0000000
    494,  -14.1421356,   14.1421356,    2.0000000
    495,  -16.6293926,   11.1114044,   38.0000000
    496,  -16.6293926,   11.1114044,   36.0000000
    497,  -16.6293926,   11.1114044,   34.0000000
    498,  -16.6293926,   11.1114044,   32.0000000
    499,  -16.6293926,   11.1114044,   30.0000000
    500,  -16.6293926,   11.1114044,   28.0000000
    501,  -16.6293926,   11.1114044,   26.0000000
    502,  -16.6293926,   11.1114044,   24.0000000
    503,  -16.6293926,   11.1114044,   22.0000000
    504,  -16.6293926,   11.1114044,   20.0000000
    505,  -16.6293926,   11.1114044,   18.0000000
    506,  -16.6293926,   11.1114044,   16.0000000
    507,  -16.6293926,   11.1114044,   14.0000000
    508,  -16.6293926,   11.1114044,   12.0000000
    509,  -16.6293926,   11.1114044,   10.0000000
    510,  -16.6293926,   11.1114044,    8.0000000
    511,  -16.6293926,   11.1114044,    6.0000000
    512,  -16.6293926,   11.1114044,    4.0000000
    513,  -16.6293926,   11.1114044,    2.0000000
    514,  -18.4775906,    7.6536689,   38.0000000
    515,  -18.4775906,    7.6536689,   36.0000000
    516,  -18.4775906,    7.6536689,   34.0000000
    517,  -18.4775906,    7.6536689,   32.0000000
    518,  -18.4775906,    7.6536689,   30.0000000
    519,  -18.4775906,    7.6536689,   28.0000000
    520,  -18.4775906,    7.6536689,   26.0000000
    521,  -18.4775906,    7.6536689,   24.0000000
    522,  -18.4775906,    7.6536689,   22.0000000
    523,  -18.4775906,    7.6536689,   20.0000000
    524,  -18.4775906,    7.6536689,   18.0000000
    525,  -18.4775906,    7.6536689,   16.0000000
    526,  -18.4775906,    7.6536689,   14.0000000
    527,  -18.4775906,    7.6536689,   12.0000000
    528,  -18.4775906,    7.6536689,   10.0000000
    529,  -18.4775906,    7.6536689,    8.0000000
    530,  -18.4775906,    7.6536689,    6.0000000
    531,  -18.4775906,    7.6536689,    4.0000000
    532,  -18.4775906,    7.6536689,    2.0000000
    533,  -19.6157055,    3.9018064,   38.0000000
    534,  -19.6157055,    3.9018064,   36.0000000
    535,  -19.6157055,    3.9018064,   34.0000000
    536,  -19.6157055,    3.9018064,   32.0000000
    537,  -19.6157055,    3.9018064,   30.0000000
    538,  -19.6157055,    3.9018064,   28.0000000
    539,  -19.6157055,    3.9018064,   26.0000000
    540,  -19.6157055,    3.9018064,   24.0000000
    541,  -19.6157055,    3.9018064,   22.0000000
    542,  -19.6157055,    3.9018064,   20.0000000
    543,  -19.6157055,    3.9018064,   18.0000000
    544,  -19.6157055,    3.9018064,   16.0000000
    545,  -19.6157055,    3.9018064,   14.0000000
    546,  -19.6157055,    3.9018064,   12.0000000
    547,  -19.6157055,    3.9018064,   10.0000000
    548,  -19.6157055,    3.9018064,    8.0000000
    549,  -19.6157055,    3.9018064,    6.0000000
    550,  -19.6157055,    3.9018064,    4.0000000
    551,  -19.6157055,    3.9018064,    2.0000000
    552,   13.0113783,    2.8033817,   40.0000000
    553,   16.2098045,    3.3159542,   40.0000000
    554,    2.8002582,   13.0158539,   40.0000000
    555,    2.5627391,    3.9107342,   40.0000000
    556,    7.1384387,    2.6028323,   40.0000000
    557,    3.3154891,   16.2107468,   40.0000000
    558,    2.6548629,   10.0560865,   40.0000000
    559,    2.6364605,    7.0299730,   40.0000000
    560,   10.0593719,    2.6724284,   40.0000000
    561,    4.7327576,    2.3699775,   40.0000000
    562,   11.8326082,    5.3955684,   40.0000000
    563,    5.4839382,    5.3233776,   40.0000000
    564,    8.7680721,    5.2606616,   40.0000000
    565,    5.4938188,   11.8701611,   40.0000000
    566,    5.3945279,    8.7383270,   40.0000000
    567,    5.4918532,   14.7571335,   40.0000000
    568,   14.7192926,    5.4522381,   40.0000000
    569,   10.8757553,   13.2835188,   40.0000000
    570,   12.4729176,   10.8815022,   40.0000000
    571,    8.6467323,   10.6506548,   40.0000000
    572,    7.7707667,    7.6024775,   40.0000000
    573,   10.5926962,    7.9805803,   40.0000000
    574,    8.2122059,   14.2780752,   40.0000000
    575,   14.1207495,    8.0791607,   40.0000000
    576,    3.9018064,  -19.6157055,   38.0000000
    577,    3.9018064,  -19.6157055,   36.0000000
    578,    3.9018064,  -19.6157055,   34.0000000
    579,    3.9018064,  -19.6157055,   32.0000000
    580,    3.9018064,  -19.6157055,   30.0000000
    581,    3.9018064,  -19.6157055,   28.0000000
    582,    3.9018064,  -19.6157055,   26.0000000
    583,    3.9018064,  -19.6157055,   24.0000000
    584,    3.9018064,  -19.6157055,   22.0000000
    585,    3.9018064,  -19.6157055,   20.0000000
    586,    3.9018064,  -19.6157055,   18.0000000
    587,    3.9018064,  -19.6157055,   16.0000000
    588,    3.9018064,  -19.6157055,   14.0000000
    589,    3.9018064,  -19.6157055,   12.0000000
    590,    3.9018064,  -19.6157055,   10.0000000
    591,    3.9018064,  -19.6157055,    8.0000000
    592,    3.9018064,  -19.6157055,    6.0000000
    593,    3.9018064,  -19.6157055,    4.0000000
    594,    3.9018064,  -19.6157055,    2.0000000
    595,    7.6536689,  -18.4775906,   38.0000000
    596,    7.6536689,  -18.4775906,   36.0000000
    597,    7.6536689,  -18.4775906,   34.0000000
    598,    7.6536689,  -18.4775906,   32.0000000
    599,    7.6536689,  -18.4775906,   30.0000000
    600,    7.6536689,  -18.4775906,   28.0000000
    601,    7.6536689,  -18.4775906,   26.0000000
    602,    7.6536689,  -18.4775906,   24.0000000
    603,    7.6536689,  -18.4775906,   22.0000000
    604,    7.6536689,  -18.4775906,   20.0000000
    605,    7.6536689,  -18.4775906,   18.0000000
    606,    7.6536689,  -18.4775906,   16.0000000
    607,    7.6536689,  -18.4775906,   14.0000000
    608,    7.6536689,  -18.4775906,   12.0000000
    609,    7.6536689,  -18.4775906,   10.0000000
    610,    7.6536689,  -18.4775906,    8.0000000
    611,    7.6536689,  -18.4775906,    6.0000000
    612,    7.6536689,  -18.4775906,    4.0000000
    613,    7.6536689,  -18.4775906,    2.0000000
    614,   11.1114044,  -16.6293926,   38.0000000
    615,   11.1114044,  -16.6293926,   36.0000000
    616,   11.1114044,  -16.6293926,   34.0000000
    617,   11.1114044,  -16.6293926,   32.0000000
    618,   11.1114044,  -16.6293926,   30.0000000
    619,   11.1114044,  -16.6293926,   28.0000000
    620,   11.1114044,  -16.6293926,   26.0000000
    621,   11.1114044,  -16.6293926,   24.0000000
    622,   11.1114044,  -16.6293926,   22.0000000
    623,   11.1114044,  -16.6293926,   20.0000000
    624,   11.1114044,  -16.6293926,   18.0000000
    625,   11.1114044,  -16.6293926,   16.0000000
    626,   11.1114044,  -16.6293926,   14.0000000
    627,   11.1114044,  -16.6293926,   12.0000000
    628,   11.1114044,  -16.6293926,   10.0000000
    629,   11.1114044,  -16.6293926,    8.0000000
    630,   11.1114044,  -16.6293926,    6.0000000
    631,   11.1114044,  -16.6293926,    4.0000000
    632,   11.1114044,  -16.6293926,    2.0000000
    633,   14.1421356,  -14.1421356,   38.0000000
    634,   14.1421356,  -14.1421356,   36.0000000
    635,   14.1421356,  -14.1421356,   34.0000000
    636,   14.1421356,  -14.1421356,   32.0000000
    637,   14.1421356,  -14.1421356,   30.0000000
    638,   14.1421356,  -14.1421356,   28.0000000
    639,   14.1421356,  -14.1421356,   26.0000000
    640,   14.1421356,  -14.1421356,   24.0000000
    641,   14.1421356,  -14.1421356,   22.0000000
    642,   14.1421356,  -14.1421356,   20.0000000
    643,   14.1421356,  -14.1421356,   18.0000000
    644,   14.1421356,  -14.1421356,   16.0000000
    645,   14.1421356,  -14.1421356,   14.0000000
    646,   14.1421356,  -14.1421356,   12.0000000
    647,   14.1421356,  -14.1421356,   10.0000000
    648,   14.1421356,  -14.1421356,    8.0000000
    649,   14.1421356,  -14.1421356,    6.0000000
    650,   14.1421356,  -14.1421356,    4.0000000
    651,   14.1421356,  -14.1421356,    2.0000000
    652,   16.6293926,  -11.1114044,   38.0000000
    653,   16.6293926,  -11.1114044,   36.0000000
    654,   16.6293926,  -11.1114044,   34.0000000
    655,   16.6293926,  -11.1114044,   32.0000000
    656,   16.6293926,  -11.1114044,   30.0000000
    657,   16.6293926,  -11.1114044,   28.0000000
    658,   16.6293926,  -11.1114044,   26.0000000
    659,   16.6293926,  -11.1114044,   24.0000000
    660,   16.6293926,  -11.1114044,   22.0000000
    661,   16.6293926,  -11.1114044,   20.0000000
    662,   16.6293926,  -11.1114044,   18.0000000
    663,   16.6293926,  -11.1114044,   16.0000000
    664,   16.6293926,  -11.1114044,   14.0000000
    665,   16.6293926,  -11.1114044,   12.0000000
    666,   16.6293926,  -11.1114044,   10.0000000
    667,   16.6293926,  -11.1114044,    8.0000000
    668,   16.6293926,  -11.1114044,    6.0000000
    669,   16.6293926,  -11.1114044,    4.0000000
    670,   16.6293926,  -11.1114044,    2.0000000
    671,   18.4775906,   -7.6536689,   38.0000000
    672,   18.4775906,   -7.6536689,   36.0000000
    673,   18.4775906,   -7.6536689,   34.0000000
    674,   18.4775906,   -7.6536689,   32.0000000
    675,   18.4775906,   -7.6536689,   30.0000000
    676,   18.4775906,   -7.6536689,   28.0000000
    677,   18.4775906,   -7.6536689,   26.0000000
    678,   18.4775906,   -7.6536689,   24.0000000
    679,   18.4775906,   -7.6536689,   22.0000000
    680,   18.4775906,   -7.6536689,   20.0000000
    681,   18.4775906,   -7.6536689,   18.0000000
    682,   18.4775906,   -7.6536689,   16.0000000
    683,   18.4775906,   -7.6536689,   14.0000000
    684,   18.4775906,   -7.6536689,   12.0000000
    685,   18.4775906,   -7.6536689,   10.0000000
    686,   18.4775906,   -7.6536689,    8.0000000
    687,   18.4775906,   -7.6536689,    6.0000000
    688,   18.4775906,   -7.6536689,    4.0000000
    689,   18.4775906,   -7.6536689,    2.0000000
    690,   19.6157055,   -3.9018064,   38.0000000
    691,   19.6157055,   -3.9018064,   36.0000000
    692,   19.6157055,   -3.9018064,   34.0000000
    693,   19.6157055,   -3.9018064,   32.0000000
    694,   19.6157055,   -3.9018064,   30.0000000
    695,   19.6157055,   -3.9018064,   28.0000000
    696,   19.6157055,   -3.9018064,   26.0000000
    697,   19.6157055,   -3.9018064,   24.0000000
    698,   19.6157055,   -3.9018064,   22.0000000
    699,   19.6157055,   -3.9018064,   20.0000000
    700,   19.6157055,   -3.9018064,   18.0000000
    701,   19.6157055,   -3.9018064,   16.0000000
    702,   19.6157055,   -3.9018064,   14.0000000
    703,   19.6157055,   -3.9018064,   12.0000000
    704,   19.6157055,   -3.9018064,   10.0000000
    705,   19.6157055,   -3.9018064,    8.0000000
    706,   19.6157055,   -3.9018064,    6.0000000
    707,   19.6157055,   -3.9018064,    4.0000000
    708,   19.6157055,   -3.9018064,    2.0000000
    709,   -3.9018064,  -19.6157055,    2.0000000
    710,   -3.9018064,  -19.6157055,    4.0000000
    711,   -3.9018064,  -19.6157055,    6.0000000
    712,   -3.9018064,  -19.6157055,    8.0000000
    713,   -3.9018064,  -19.6157055,   10.0000000
    714,   -3.9018064,  -19.6157055,   12.0000000
    715,   -3.9018064,  -19.6157055,   14.0000000
    716,   -3.9018064,  -19.6157055,   16.0000000
    717,   -3.9018064,  -19.6157055,   18.0000000
    718,   -3.9018064,  -19.6157055,   20.0000000
    719,   -3.9018064,  -19.6157055,   22.0000000
    720,   -3.9018064,  -19.6157055,   24.0000000
    721,   -3.9018064,  -19.6157055,   26.0000000
    722,   -3.9018064,  -19.6157055,   28.0000000
    723,   -3.9018064,  -19.6157055,   30.0000000
    724,   -3.9018064,  -19.6157055,   32.0000000
    725,   -3.9018064,  -19.6157055,   34.0000000
    726,   -3.9018064,  -19.6157055,   36.0000000
    727,   -3.9018064,  -19.6157055,   38.0000000
    728,   -7.6536689,  -18.4775906,    2.0000000
    729,   -7.6536689,  -18.4775906,    4.0000000
    730,   -7.6536689,  -18.4775906,    6.0000000
    731,   -7.6536689,  -18.4775906,    8.0000000
    732,   -7.6536689,  -18.4775906,   10.0000000
    733,   -7.6536689,  -18.4775906,   12.0000000
    734,   -7.6536689,  -18.4775906,   14.0000000
    735,   -7.6536689,  -18.4775906,   16.0000000
    736,   -7.6536689,  -18.4775906,   18.0000000
    737,   -7.6536689,  -18.4775906,   20.0000000
    738,   -7.6536689,  -18.4775906,   22.0000000
    739,   -7.6536689,  -18.4775906,   24.0000000
    740,   -7.6536689,  -18.4775906,   26.0000000
    741,   -7.6536689,  -18.4775906,   28.0000000
    742,   -7.6536689,  -18.4775906,   30.0000000
    743,   -7.6536689,  -18.4775906,   32.0000000
    744,   -7.6536689,  -18.4775906,   34.0000000
    745,   -7.6536689,  -18.4775906,   36.0000000
    746,   -7.6536689,  -18.4775906,   38.0000000
    747,  -11.1114044,  -16.6293926,    2.0000000
    748,  -11.1114044,  -16.6293926,    4.0000000
    749,  -11.1114044,  -16.6293926,    6.0000000
    750,  -11.1114044,  -16.6293926,    8.0000000
    751,  -11.1114044,  -16.6293926,   10.0000000
    752,  -11.1114044,  -16.6293926,   12.0000000
    753,  -11.1114044,  -16.6293926,   14.0000000
    754,  -11.1114044,  -16.6293926,   16.0000000
    755,  -11.1114044,  -16.6293926,   18.0000000
    756,  -11.1114044,  -16.6293926,   20.0000000
    757,  -11.1114044,  -16.6293926,   22.0000000
    758,  -11.1114044,  -16.6293926,   24.0000000
    759,  -11.1114044,  -16.6293926,   26.0000000
    760,  -11.1114044,  -16.6293926,   28.0000000
    761,  -11.1114044,  -16.6293926,   30.0000000
    762,  -11.1114044,  -16.6293926,   32.0000000
    763,  -11.1114044,  -16.6293926,   34.0000000
    764,  -11.1114044,  -16.6293926,   36.0000000
    765,  -11.1114044,  -16.6293926,   38.0000000
    766,  -14.1421356,  -14.1421356,    2.0000000
    767,  -14.1421356,  -14.1421356,    4.0000000
    768,  -14.1421356,  -14.1421356,    6.0000000
    769,  -14.1421356,  -14.1421356,    8.0000000
    770,  -14.1421356,  -14.1421356,   10.0000000
    771,  -14.1421356,  -14.1421356,   12.0000000
    772,  -14.1421356,  -14.1421356,   14.0000000
    773,  -14.1421356,  -14.1421356,   16.0000000
    774,  -14.1421356,  -14.1421356,   18.0000000
    775,  -14.1421356,  -14.1421356,   20.0000000
    776,  -14.1421356,  -14.1421356,   22.0000000
    777,  -14.1421356,  -14.1421356,   24.0000000
    778,  -14.1421356,  -14.1421356,   26.0000000
    779,  -14.1421356,  -14.1421356,   28.0000000
    780,  -14.1421356,  -14.1421356,   30.0000000
    781,  -14.1421356,  -14.1421356,   32.0000000
    782,  -14.1421356,  -14.1421356,   34.0000000
    783,  -14.1421356,  -14.1421356,   36.0000000
    784,  -14.1421356,  -14.1421356,   38.0000000
    785,  -16.6293926,  -11.1114044,    2.0000000
    786,  -16.6293926,  -11.1114044,    4.0000000
    787,  -16.6293926,  -11.1114044,    6.0000000
    788,  -16.6293926,  -11.1114044,    8.0000000
    789,  -16.6293926,  -11.1114044,   10.0000000
    790,  -16.6293926,  -11.1114044,   12.0000000
    791,  -16.6293926,  -11.1114044,   14.0000000
    792,  -16.6293926,  -11.1114044,   16.0000000
    793,  -16.6293926,  -11.1114044,   18.0000000
    794,  -16.6293926,  -11.1114044,   20.0000000
    795,  -16.6293926,  -11.1114044,   22.0000000
    796,  -16.6293926,  -11.1114044,   24.0000000
    797,  -16.6293926,  -11.1114044,   26.0000000
    798,  -16.6293926,  -11.1114044,   28.0000000
    799,  -16.6293926,  -11.1114044,   30.0000000
    800,  -16.6293926,  -11.1114044,   32.0000000
    801,  -16.6293926,  -11.1114044,   34.0000000
    802,  -16.6293926,  -11.1114044,   36.0000000
    803,  -16.6293926,  -11.1114044,   38.0000000
    804,  -18.4775906,   -7.6536689,    2.0000000
    805,  -18.4775906,   -7.6536689,    4.0000000
    806,  -18.4775906,   -7.6536689,    6.0000000
    807,  -18.4775906,   -7.6536689,    8.0000000
    808,  -18.4775906,   -7.6536689,   10.0000000
    809,  -18.4775906,   -7.6536689,   12.0000000
    810,  -18.4775906,   -7.6536689,   14.0000000
    811,  -18.4775906,   -7.6536689,   16.0000000
    812,  -18.4775906,   -7.6536689,   18.0000000
    813,  -18.4775906,   -7.6536689,   20.0000000
    814,  -18.4775906,   -7.6536689,   22.0000000
    815,  -18.4775906,   -7.6536689,   24.0000000
    816,  -18.4775906,   -7.6536689,   26.0000000
    817,  -18.4775906,   -7.6536689,   28.0000000
    818,  -18.4775906,   -7.6536689,   30.0000000
    819,  -18.4775906,   -7.6536689,   32.0000000
    820,  -18.4775906,   -7.6536689,   34.0000000
    821,  -18.4775906,   -7.6536689,   36.0000000
    822,  -18.4775906,   -7.6536689,   38.0000000
    823,  -19.6157055,   -3.9018064,    2.0000000
    824,  -19.6157055,   -3.9018064,    4.0000000
    825,  -19.6157055,   -3.9018064,    6.0000000
    826,  -19.6157055,   -3.9018064,    8.0000000
    827,  -19.6157055,   -3.9018064,   10.0000000
    828,  -19.6157055,   -3.9018064,   12.0000000
    829,  -19.6157055,   -3.9018064,   14.0000000
    830,  -19.6157055,   -3.9018064,   16.0000000
    831,  -19.6157055,   -3.9018064,   18.0000000
    832,  -19.6157055,   -3.9018064,   20.0000000
    833,  -19.6157055,   -3.9018064,   22.0000000
    834,  -19.6157055,   -3.9018064,   24.0000000
    835,  -19.6157055,   -3.9018064,   26.0000000
    836,  -19.6157055,   -3.9018064,   28.0000000
    837,  -19.6157055,   -3.9018064,   30.0000000
    838,  -19.6157055,   -3.9018064,   32.0000000
    839,  -19.6157055,   -3.9018064,   34.0000000
    840,  -19.6157055,   -3.9018064,   36.0000000
    841,  -19.6157055,   -3.9018064,   38.0000000
    842,   -3.0163512,   13.1327705,   40.0000000
    843,  -13.2779016,    2.7142017,   40.0000000
    844,   -2.6200085,    3.8732302,   40.0000000
    845,   -3.3711526,   16.2612553,   40.0000000
    846,   -2.9189727,   10.0570688,   40.0000000
    847,   -2.7481325,    6.9731178,   40.0000000
    848,  -10.1581764,    2.8256822,   40.0000000
    849,   -7.1784415,    2.6546540,   40.0000000
    850,   -8.1836586,   14.9240294,   40.0000000
    851,  -15.1508856,    8.0192099,   40.0000000
    852,  -12.8529882,   10.1609335,   40.0000000
    853,  -15.7656956,    5.1208105,   40.0000000
    854,  -10.2488375,   12.7522860,   40.0000000
    855,   -4.7609558,    2.3597250,   40.0000000
    856,   -5.4806580,    5.2331462,   40.0000000
    857,   -8.4804068,    5.4368177,   40.0000000
    858,   -5.5720592,    8.3152771,   40.0000000
    859,   -6.3588257,   11.8439722,   40.0000000
    860,  -12.0861235,    6.1558766,   40.0000000
    861,   -8.9544277,    8.8051805,   40.0000000
    862,  -16.0175743,    2.3473637,   40.0000000
    863,   -5.7167316,   14.9279232,   40.0000000
    864,   -7.1218882,    6.9476051,   40.0000000
    865,    2.8047032,  -13.0163269,   40.0000000
    866,    3.3166840,  -16.2108879,   40.0000000
    867,   13.0114155,   -2.8020401,   40.0000000
    868,   16.2097950,   -3.3155456,   40.0000000
    869,    2.6093953,   -7.0346084,   40.0000000
    870,    2.5818582,   -3.9020929,   40.0000000
    871,    2.6751928,  -10.0491800,   40.0000000
    872,    7.1437197,   -2.6027913,   40.0000000
    873,   10.0613489,   -2.6710393,   40.0000000
    874,    4.7401242,   -2.3693438,   40.0000000
    875,    5.4959669,  -11.8726454,   40.0000000
    876,   11.8295221,   -5.3905129,   40.0000000
    877,    5.5061026,   -5.3288937,   40.0000000
    878,    8.7914638,   -5.2644463,   40.0000000
    879,    5.4162393,   -8.7446432,   40.0000000
    880,   14.7158785,   -5.4480777,   40.0000000
    881,    5.4904237,  -14.7597227,   40.0000000
    882,   12.4565516,  -10.8689766,   40.0000000
    883,   10.8881407,  -13.2960596,   40.0000000
    884,    8.6637259,  -10.6567049,   40.0000000
    885,   10.5755997,   -7.9705277,   40.0000000
    886,    7.7906265,   -7.5930428,   40.0000000
    887,   14.1140890,   -8.0738611,   40.0000000
    888,    8.2172222,  -14.2820196,   40.0000000
    889,   -2.8067558,  -13.0161180,   40.0000000
    890,   -3.3171015,  -16.2108479,   40.0000000
    891,   -3.9148328,   -2.5905082,   40.0000000
    892,   -2.6202455,   -7.1629648,   40.0000000
    893,   -2.6904154,  -10.0657053,   40.0000000
    894,  -15.8726883,   -4.0533080,   40.0000000
    895,   -9.9763212,   -2.5425785,   40.0000000
    896,   -7.0569706,   -2.6041186,   40.0000000
    897,  -12.6610413,   -2.9327700,   40.0000000
    898,   -5.5564890,  -11.8201427,   40.0000000
    899,   -5.4673724,   -8.7056074,   40.0000000
    900,   -8.6248856,   -5.0021834,   40.0000000
    901,   -2.3850598,   -4.7539005,   40.0000000
    902,   -5.5136328,  -14.7353783,   40.0000000
    903,   -5.4072189,   -5.4534841,   40.0000000
    904,  -12.7988214,   -9.9893570,   40.0000000
    905,  -11.0104418,  -13.0596409,   40.0000000
    906,   -8.7524662,  -10.3363285,   40.0000000
    907,   -7.7341528,   -7.3539720,   40.0000000
    908,  -13.0526571,   -6.1328335,   40.0000000
    909,  -10.9467449,   -4.7765241,   40.0000000
    910,  -10.3182878,   -7.2651997,   40.0000000
    911,  -15.3662300,   -7.7881141,   40.0000000
    912,   -8.2663508,  -14.1764126,   40.0000000
