     89,     398,     399
    177,     178,     893
    347,     366,     367
    809,     810,     829
    277,     278,     297
    320,     339,     340
    401,     403,     407
    311,     312,     331
    888,     897,     901
     75,      76,     696
    435,     454,     455
     18,     275,     294
    177,     178,     840
    174,     175,     783
    219,     220,     227
    237,     238,     257
     10,      11,     197
    659,     660,     679
    798,     817,     818
     82,      83,     703
    180,     842,     847
     77,     359,     360
    114,     115,     829
    866,     875,     879
    242,     243,     262
    805,     824,     825
    285,     304,     305
    747,     748,     767
     15,      41,     436
    160,     161,     591
    168,     169,     613
    249,     250,     269
    648,     667,     668
    578,     579,     598
    194,     204,     211
    118,     119,     538
     15,     213,     436
    655,     674,     675
     34,     215,     550
    736,     755,     756
    146,     147,     725
    238,     257,     258
     29,     396,     403
     83,      84,     353
    188,     888,     889
    845,     846,     857
     43,     435,     436
    172,     173,     745
    245,     264,     265
      8,     139,     184
     19,     199,     313
    170,     189,     865
    608,     627,     628
    871,     872,     877
    653,     654,     673
    564,     566,     573
    376,     383,     385
     21,      22,     200
     16,      17,     190
    458,     477,     478
    848,     854,     855
    139,     184,     869
    376,     377,     383
    503,     504,     523
    149,     150,     580
     13,     193,     194
    312,     331,     569
    155,     156,     716
     21,     332,     351
    165,     166,     670
    159,     712,     713
    166,     167,     881
    192,     200,     210
     28,     374,     379
    456,     457,     476
    499,     518,     519
    745,     901,     911
    328,     329,     348
    105,     106,     395
     15,      41,      42
    463,     464,     483
    191,     197,     205
    178,     179,     893
    306,     307,     326
    100,     101,     727
    349,     368,     369
     14,     213,     220
     85,     705,     706
    127,     513,     852
    128,     850,     851
    452,     471,     472
    712,     731,     732
    159,     160,     712
    281,     282,     301
     67,     350,     369
    187,     188,     888
    676,     677,     696
    849,     853,     858
    757,     758,     777
     79,      80,     700
    800,     819,     820
    155,     156,     586
     65,      66,     331
     62,      63,     274
    259,     260,     279
    302,     321,     322
     70,     690,     691
     64,     293,     568
     32,     394,     402
    162,     163,     593
    266,     267,     286
    347,     348,     367
     71,      72,     365
    629,     630,     649
    710,     711,     730
    753,     772,     773
    899,     908,     909
    625,     644,     645
    787,     806,     807
    717,     718,     737
    798,     799,     818
    396,     400,     407
    156,     586,     587
     49,     244,     245
    110,     111,     825
    718,     737,     738
    380,     381,     389
    520,     521,     540
    644,     663,     664
     80,      81,     356
    127,     128,     513
     66,     552,     567
    678,     697,     698
     56,     422,     423
    608,     609,     628
     40,     213,     235
    849,     858,     862
    225,     226,     234
     15,      42,     436
    473,     474,     493
    894,     896,     908
    516,     535,     536
    597,     616,     617
    857,     858,     860
     66,      67,     552
    122,     534,     535
    426,     427,     446
    223,     232,     236
    604,     623,     624
    104,     105,     803
    555,     560,     562
    561,     572,     574
    172,     889,     901
    172,     901,     911
     36,     512,     531
     21,      22,     351
    102,     103,     411
     40,     235,     455
    810,     829,     830
    454,     473,     474
    125,     126,     178
    283,     284,     303
    392,     669,     688
      6,      99,     163
    182,     183,     854
    774,     775,     794
     50,      51,     428
    817,     836,     837
    406,     407,     413
    104,     417,     784
    319,     338,     339
    272,     291,     292
    734,     735,     754
    434,     453,     454
     74,     694,     695
     38,     230,     493
    279,     298,     299
     81,      82,     702
    441,     460,     461
    727,     728,     747
     90,      91,     400
    770,     789,     790
     64,     293,     312
    167,     168,     882
     26,     377,     378
    486,     487,     506
    613,     632,     882
    815,     816,     835
    109,     110,     547
    257,     276,     277
      7,     126,     178
    687,     688,     707
    882,     883,     887
    620,     639,     640
    102,     103,     765
    167,     632,     882
     73,     363,     364
    158,     588,     589
    735,     754,     755
    665,     666,     685
    708,     727,     728
     12,      13,     219
     23,      24,     210
    742,     761,     762
     74,     362,     363
     90,     372,     373
     59,      60,     419
     63,     293,     568
    787,     788,     807
    141,     555,     559
    332,     351,     352
    618,     619,     638
    171,     189,     726
    580,     599,     600
    200,     202,     332
    145,     575,     576
    661,     680,     681
    490,     491,     510
    652,     653,     672
    625,     626,     645
    109,     823,     824
    740,     741,     760
    168,     613,     632
    526,     545,     546
    468,     469,     488
    198,     201,     275
    891,     900,     902
    153,     718,     719
    116,     830,     831
    405,     407,     413
    673,     692,     693
    475,     476,     495
    142,     143,     866
     91,      92,     396
    143,     866,     867
     45,      46,     241
    633,     652,     653
     45,     240,     241
    450,     451,     470
      3,     106,     107
    128,     494,     513
    464,     483,     484
    165,     879,     886
     43,      44,     435
    336,     355,     356
    498,     517,     518
     40,     436,     455
    428,     429,     448
    185,     186,     868
    471,     490,     491
    300,     301,     320
    181,     182,     895
      9,     189,     575
    586,     605,     606
     79,     357,     358
    155,     716,     717
    105,     106,     822
    389,     390,     391
    321,     340,     341
    751,     752,     771
    451,     470,     471
    182,     848,     854
    853,     858,     860
     30,      31,     216
    424,     443,     444
    253,     254,     273
    334,     335,     354
    296,     315,     316
     15,      42,     237
    165,     166,     886
    132,     133,     844
    469,     470,     489
    799,     818,     819
    729,     730,     749
    126,     127,     532
    401,     402,     406
    772,     791,     792
    341,     342,     361
     69,     689,     690
    763,     764,     783
    817,     818,     837
    130,     849,     853
    122,     836,     837
      3,     107,     550
    319,     320,     339
    261,     280,     281
    104,     105,     417
    125,     178,     840
     39,     235,     455
    434,     435,     454
     28,      92,     374
    682,     683,     702
    193,     204,     208
    725,     744,     745
    122,     123,     837
    716,     717,     736
    759,     778,     779
     76,     696,     697
    770,     771,     790
    881,     882,     883
    370,     386,     393
    168,     632,     882
    120,     121,     536
    642,     643,     662
    804,     805,     824
    272,     273,     292
    148,     149,     723
    315,     334,     335
    129,     494,     851
     57,     421,     422
    635,     636,     655
    609,     628,     629
    372,     380,     381
    171,     726,     889
     34,     106,     107
      8,     138,     183
    179,     180,     842
    187,     188,     864
      7,     178,     840
    130,     131,     456
    280,     299,     300
    643,     662,     663
    381,     388,     389
    124,     125,     532
    616,     635,     636
    735,     736,     755
    136,     137,     846
    778,     797,     798
    152,     153,     719
     98,      99,     593
    445,     446,     465
    116,     540,     541
    607,     608,     627
    137,     843,     846
    370,     371,     386
    731,     750,     751
    580,     581,     600
    479,     480,     499
    802,     821,     910
    394,     402,     404
    481,     500,     501
    846,     855,     857
    897,     901,     911
     16,      17,     256
    526,     527,     546
    488,     507,     508
     20,     202,     313
    603,     622,     623
    475,     494,     495
    648,     649,     668
     53,     425,     426
    419,     438,     439
    118,     538,     539
    453,     472,     473
    133,     134,     844
     15,      41,     213
    498,     499,     518
     89,      90,     372
    117,     831,     832
    244,     263,     264
    336,     337,     356
    893,     907,     910
    289,     290,     309
    451,     452,     471
     87,     163,     593
    494,     513,     514
    323,     324,     343
     25,     376,     377
    296,     297,     316
    101,     102,     416
     73,      74,     363
    814,     815,     834
    458,     459,     478
     55,      56,     251
     88,     397,     398
    344,     363,     364
    127,     850,     852
     80,     700,     701
    664,     665,     684
    447,     466,     467
    276,     277,     296
     11,      12,     218
    680,     699,     700
      6,      87,     100
    509,     510,     529
    671,     672,     691
    752,     753,     772
     89,     371,     372
    795,     814,     815
    263,     282,     283
    150,     151,     581
     87,     370,     593
    297,     316,     317
    759,     760,     779
     77,      78,     359
    166,     651,     881
    562,     565,     571
    783,     903,     904
    261,     262,     281
    660,     679,     680
    304,     323,     324
     34,      35,     550
    462,     463,     482
    117,     118,     539
    624,     625,     644
    667,     686,     687
    748,     767,     768
    609,     610,     629
    204,     208,     209
      3,      34,     550
    577,     578,     597
    394,     404,     410
    782,     801,     802
    712,     713,     732
     82,      83,     354
    510,     529,     530
    755,     774,     775
    125,     126,     532
    584,     585,     604
    188,     864,     865
    517,     536,     537
    151,     581,     582
    528,     529,     548
     44,      45,     240
    135,     841,     845
     44,     239,     240
    605,     624,     625
    149,     722,     723
    554,     560,     562
     15,     190,     237
    308,     327,     328
    103,     104,     412
    470,     489,     490
    176,     177,     821
    898,     902,     906
    481,     482,     501
    423,     442,     443
    188,     189,     889
      2,      22,      23
    171,     189,     889
    515,     516,     535
    184,     890,     900
    192,     200,     207
    639,     658,     659
     37,     230,     493
      2,      86,     707
     70,      71,     691
     38,      39,     474
    558,     562,     565
    178,     179,     861
    842,     852,     861
    208,     209,     212
     21,     202,     332
     52,      53,     426
    173,     174,     904
    850,     852,     859
     75,     361,     362
    864,     870,     874
    151,     720,     721
    511,     530,     531
    187,     864,     870
    771,     790,     791
     31,     401,     402
    340,     341,     360
      9,     145,     171
    169,     594,     887
    816,     817,     836
    109,     110,     824
    327,     346,     347
    845,     857,     858
    171,     172,     726
    318,     319,     338
    116,     117,     831
    216,     222,     226
     82,     702,     703
    111,     112,     545
    325,     326,     345
    278,     279,     298
     75,     695,     696
     65,     312,     331
    769,     770,     789
    812,     831,     832
    174,     764,     783
     91,     373,     374
    868,     869,     876
    684,     703,     704
     35,      36,     531
    314,     333,     334
    776,     777,     796
    267,     286,     287
    128,     129,     851
    131,     849,     862
      9,     171,     189
    662,     681,     682
    765,     784,     785
    626,     627,     646
    236,     512,     531
    136,     845,     846
    185,     868,     869
    810,     811,     830
    252,     271,     272
     95,     387,     392
     39,     455,     474
    198,     199,     209
    564,     565,     570
    615,     634,     635
     97,     612,     631
     18,     201,     275
    153,     583,     584
    579,     580,     599
    660,     661,     680
     97,     388,     393
      3,      34,     107
    737,     756,     757
    667,     668,     687
     83,     353,     354
    782,     783,     802
     28,     197,     203
      0,      10,      29
     95,      96,     650
     61,     133,     556
    575,     594,     595
    161,     162,     710
    517,     518,     537
    656,     675,     676
    485,     486,     505
    528,     547,     548
    647,     648,     667
    620,     621,     640
    663,     682,     683
    492,     493,     512
      2,      93,     707
    506,     525,     526
    111,     825,     826
    850,     851,     859
    217,     218,     226
    470,     471,     490
    513,     532,     533
     88,      89,     371
    147,     577,     578
    899,     902,     906
    342,     343,     362
     37,      38,     230
    628,     647,     648
      3,      35,     550
    186,     891,     892
    288,     289,     308
    793,     794,     813
     68,     144,     164
      4,     133,     418
    159,     589,     590
    423,     424,     443
    466,     485,     486
     62,     556,     566
    295,     296,     315
    847,     856,     859
    581,     600,     601
    786,     787,     806
     63,      64,     568
    143,     551,     552
    131,     437,     849
    413,     414,     415
    316,     335,     336
    284,     303,     304
    128,     494,     851
    746,     747,     766
     14,     190,     194
    119,     537,     538
    553,     557,     564
    248,     249,     268
    291,     310,     311
    894,     895,     899
    174,     783,     903
    794,     813,     814
     54,     424,     425
    724,     725,     744
    767,     786,     787
     13,      14,     194
    596,     597,     616
    175,     176,     910
    801,     820,     821
    382,     384,     391
    269,     288,     289
     55,     423,     424
    170,     575,     865
    218,     224,     226
     56,     251,     252
    126,     178,     861
     33,     214,     215
    677,     678,     697
    720,     739,     740
    842,     847,     859
    117,     118,     832
    592,     611,     612
    711,     712,     731
    754,     773,     774
    684,     685,     704
     71,     691,     692
    765,     766,     785
     17,     256,     275
    868,     870,     878
    637,     638,     657
    205,     208,     212
    799,     800,     819
    267,     268,     287
    883,     884,     885
    866,     872,     875
    141,     142,     872
      0,      29,      92
     60,     133,     418
    685,     704,     705
    133,     134,     556
    615,     616,     635
     27,      28,     203
    866,     867,     879
      7,     125,     840
    590,     591,     610
    173,     904,     911
     70,     366,     367
    523,     542,     543
    870,     874,     878
     50,      51,     246
     17,     201,     275
    206,     209,     212
     50,     245,     246
    530,     549,     550
    611,     630,     631
     70,      71,     366
    440,     441,     460
    483,     502,     503
    602,     603,     622
     57,      58,     253
    645,     664,     665
     57,     252,     253
     90,     399,     400
     94,     392,     688
    168,     882,     887
    166,     651,     670
     87,     100,     708
    476,     495,     496
    180,     181,     847
    136,     557,     558
    104,     784,     803
    425,     426,     445
     62,     255,     274
     76,      77,     697
    598,     617,     618
    427,     428,     447
     83,      84,     704
    643,     644,     663
     71,     365,     366
     81,     701,     702
    576,     595,     596
    161,     162,     592
     63,     293,     573
    448,     467,     468
    777,     796,     797
    250,     251,     270
     68,     144,     689
    784,     803,     804
    140,     871,     873
    139,     554,     560
    188,     189,     865
     19,     294,     313
     62,     274,     573
    818,     837,     838
     98,      99,     370
    239,     258,     259
    175,     783,     903
    874,     878,     883
    273,     292,     293
    284,     285,     304
    185,     891,     900
    152,     719,     720
    246,     265,     266
    141,     142,     559
    489,     508,     509
     45,      46,     433
    173,     764,     911
    749,     768,     769
    679,     680,     699
    722,     741,     742
    291,     292,     311
    381,     386,     388
     27,     378,     379
    171,     172,     889
    654,     655,     674
    339,     358,     359
    801,     802,     821
    179,     893,     896
    152,     582,     583
    668,     687,     688
    167,     632,     651
    632,     633,     652
    675,     694,     695
    244,     245,     264
    504,     505,     524
    373,     374,     384
    666,     667,     686
    709,     728,     729
    790,     809,     810
    619,     620,     639
    172,     745,     901
    592,     593,     612
    292,     311,     312
    754,     755,     774
    132,     133,     418
    127,     513,     532
    585,     586,     605
     52,     247,     248
    457,     458,     477
    500,     519,     520
    743,     762,     763
    219,     224,     227
    505,     524,     525
    176,     802,     910
    750,     769,     770
    138,     139,     554
    146,     576,     577
     39,      40,     235
    600,     619,     620
    429,     430,     449
     31,      32,     221
    218,     219,     224
    412,     417,     784
    303,     322,     323
    465,     484,     485
    476,     477,     496
    438,     457,     458
    418,     437,     438
    348,     349,     368
    510,     511,     530
    813,     832,     833
    216,     221,     225
    425,     444,     445
    154,     155,     717
    129,     130,     475
    256,     275,     276
    564,     570,     573
     49,     429,     430
     96,     631,     650
     33,     394,     395
    380,     384,     391
    129,     851,     853
    301,     302,     321
    766,     785,     786
    335,     336,     355
    777,     778,     797
    308,     309,     328
    115,     541,     542
    811,     812,     831
    322,     341,     342
    784,     785,     804
    683,     684,     703
    313,     314,     333
    818,     819,     838
    111,     112,     826
    129,     130,     853
    145,     146,     726
     77,     697,     698
    719,     738,     739
     84,      85,     705
    891,     898,     902
    273,     274,     293
     51,     427,     428
    132,     418,     437
    405,     408,     414
    807,     826,     827
    180,     894,     896
     18,     198,     201
    456,     849,     853
    383,     385,     387
    101,     397,     416
    386,     388,     393
    679,     698,     699
    309,     328,     329
    771,     772,     791
    551,     559,     561
    569,     570,     572
    239,     240,     259
    136,     137,     558
    614,     615,     634
    117,     539,     540
    657,     676,     677
    630,     649,     650
      8,     138,     139
    760,     779,     780
    621,     622,     641
    632,     651,     652
     22,      23,     210
     87,      88,     397
    895,     899,     902
    167,     651,     881
    193,     194,     204
      1,      15,      16
    121,     122,     535
    610,     629,     630
    848,     855,     856
    148,     578,     579
    104,     412,     417
    617,     636,     637
    100,     708,     727
    105,     395,     410
    446,     447,     466
    527,     528,     547
    864,     874,     880
    199,     207,     209
    500,     501,     520
    662,     663,     682
     22,     200,     210
    467,     486,     487
    134,     135,     841
    227,     229,     231
    480,     481,     500
    442,     461,     462
    487,     488,     507
    555,     562,     563
    131,     132,     437
    420,     439,     440
    501,     520,     521
      5,      67,     144
    293,     312,     568
    557,     558,     565
    166,     651,     886
    377,     382,     383
    881,     883,     884
    465,     466,     485
    508,     527,     528
     26,      27,     378
    337,     338,     357
    101,     102,     746
    121,     122,     836
    400,     405,     407
    145,     146,     576
    781,     782,     801
     29,      30,     403
    412,     765,     784
    326,     345,     346
    788,     789,     808
    110,     111,     546
    256,     257,     276
    382,     383,     390
    418,     419,     438
    878,     883,     885
    123,     124,     533
    461,     480,     481
     66,      67,     350
     87,      99,     593
    721,     740,     741
    151,     152,     720
     55,      56,     423
    290,     291,     310
    333,     352,     353
     72,     692,     693
    766,     767,     786
    809,     828,     829
    168,     169,     887
    551,     561,     567
     72,     364,     365
    224,     226,     234
    268,     269,     288
     96,     387,     388
    311,     330,     331
    213,     220,     229
    741,     742,     761
    147,     724,     725
    674,     693,     694
      1,      42,     237
    243,     244,     263
    899,     906,     909
    286,     305,     306
     65,     331,     569
    135,     136,     845
    719,     720,     739
      7,     125,     178
    875,     877,     884
    114,     115,     542
    762,     781,     782
    591,     592,     611
    634,     653,     654
    851,     859,     860
    264,     283,     284
      2,      23,      93
     64,      65,     312
     61,      62,     255
    195,     196,     206
    627,     646,     647
    271,     290,     291
     51,     246,     247
    184,     185,     900
    672,     673,     692
    140,     555,     560
    715,     734,     735
     58,     253,     254
    587,     606,     607
      1,      41,      42
    397,     409,     416
    841,     844,     862
    200,     202,     207
    794,     795,     814
     95,     650,     669
    396,     403,     407
    160,     161,     711
    529,     530,     549
    497,     498,     517
     41,      42,     436
    175,     783,     802
    164,     165,     867
    275,     294,     295
     96,      97,     631
    892,     897,     898
    179,     180,     896
    518,     537,     538
    123,     837,     838
    320,     321,     340
    482,     483,     502
     35,      36,     215
    525,     544,     545
    181,     894,     895
    435,     436,     455
    478,     497,     498
     52,      53,     248
     61,      62,     556
    206,     207,     209
    640,     659,     660
      5,      68,     164
     39,     231,     474
    123,     124,     838
    442,     443,     462
     76,      77,     360
    140,     141,     871
    343,     362,     363
    805,     806,     825
     96,     388,     650
    172,     726,     745
    175,     903,     910
    851,     853,     860
    307,     308,     327
    819,     838,     839
     71,      72,     692
    431,     450,     451
    388,     631,     650
    422,     423,     442
     20,      21,     332
    655,     656,     675
     78,      79,     699
    238,     239,     258
    156,     157,     587
    843,     854,     855
    133,     418,     844
    103,     411,     412
    201,     204,     211
    111,     545,     546
    245,     246,     265
    764,     783,     904
     58,      59,     420
    199,     202,     207
    166,     167,     651
    806,     825,     826
    736,     737,     756
    412,     415,     417
    779,     798,     799
    385,     387,     392
    651,     670,     671
    732,     751,     752
    112,     544,     545
     39,      40,     455
    143,     144,     552
    326,     327,     346
    554,     558,     562
    268,     287,     288
     47,     431,     432
      3,      34,      35
     85,      86,     351
    730,     731,     750
    241,     260,     261
     85,     351,     352
      5,      68,     144
     15,      16,     237
     36,     236,     531
    161,     710,     711
    674,     675,     694
     20,      21,     202
    717,     736,     737
    286,     287,     306
     30,     401,     403
     68,     164,     689
    649,     650,     669
    162,     709,     710
    113,     543,     544
     38,     231,     474
    627,     628,     647
    670,     689,     690
     41,     213,     436
    499,     500,     519
    137,     138,     554
    785,     804,     805
    634,     635,     654
     90,      91,     373
    587,     588,     607
    749,     750,     769
     42,      43,     436
    841,     845,     858
    623,     642,     643
    191,     193,     208
     69,      70,     367
     47,     242,     243
    452,     453,     472
    495,     514,     515
    132,     418,     844
    529,     548,     549
     36,      37,     512
    459,     460,     479
    570,     571,     572
    141,     871,     872
    473,     492,     493
    302,     303,     322
    275,     276,     295
    112,     826,     827
     25,      26,     377
    595,     614,     615
     46,      47,     432
    753,     754,     773
    796,     815,     816
    151,     152,     582
    426,     445,     446
    112,     113,     827
    128,     129,     494
    298,     317,     318
     87,     163,     708
    460,     479,     480
    158,     159,     589
    126,     852,     861
    433,     452,     453
    262,     263,     282
     40,      41,     436
    343,     344,     363
    569,     572,     574
    857,     860,     863
     38,      39,     231
      9,     170,     575
    505,     506,     525
    808,     827,     828
    102,     411,     416
     40,     213,     436
    251,     270,     271
    713,     714,     733
     31,     216,     221
    727,     746,     747
    258,     277,     278
    718,     719,     738
    187,     888,     892
    761,     780,     781
     68,     368,     369
    176,     802,     821
    330,     331,     350
    734,     753,     754
    303,     304,     323
    346,     365,     366
    806,     807,     826
    768,     787,     788
    678,     679,     698
      9,     145,     575
     69,     367,     368
     24,     375,     376
    651,     652,     671
    903,     905,     909
    813,     814,     833
    131,     132,     844
    127,     513,     850
    134,     135,     553
    714,     733,     734
    687,     706,     707
    516,     517,     536
    597,     598,     617
     48,      49,     430
    604,     605,     624
    227,     231,     233
    638,     639,     658
    148,     723,     724
    165,     670,     689
    189,     575,     865
    652,     671,     672
    582,     583,     602
    134,     553,     556
     27,     196,     203
    394,     395,     410
    659,     678,     679
    404,     410,     417
    107,     108,     549
    578,     597,     598
    477,     496,     497
    399,     400,     405
     51,      52,     247
    174,     175,     903
    181,     182,     848
    450,     469,     470
    279,     280,     299
      4,     132,     133
    441,     442,     461
    522,     523,     542
    484,     503,     504
     58,      59,     254
    495,     496,     515
    150,     721,     722
     10,     217,     222
     83,     703,     704
    225,     232,     234
    430,     449,     450
    312,     568,     569
     77,      78,     698
    135,     136,     557
    437,     456,     457
     18,     198,     275
    153,     154,     718
    167,     168,     632
     66,     331,     350
     67,     144,     552
    742,     743,     762
    186,     187,     870
    893,     896,     907
    253,     272,     273
    888,     892,     897
     24,      25,     192
    287,     306,     307
    298,     299,     318
    460,     461,     480
    205,     206,     212
    108,     822,     823
    154,     584,     585
    137,     554,     558
    789,     790,     809
    144,     164,     867
    332,     333,     352
    764,     904,     911
    661,     662,     681
     84,      85,     352
    399,     405,     408
     17,     201,     211
    796,     797,     816
    907,     908,     909
     20,     199,     202
    738,     757,     758
    137,     138,     843
     94,     669,     688
    199,     202,     313
    562,     563,     571
    341,     360,     361
    240,     259,     260
    108,     109,     823
    251,     252,     271
    157,     158,     714
     52,     426,     427
    456,     475,     476
    716,     735,     736
    108,     548,     549
    285,     286,     305
    328,     347,     348
    258,     259,     278
    404,     406,     415
    169,     170,     865
    173,     745,     764
    235,     455,     474
    170,     575,     594
    761,     762,     781
    804,     823,     824
      9,     170,     189
    224,     233,     234
     95,      96,     387
    306,     325,     326
      4,      60,     133
    162,     163,     709
    331,     569,     574
    464,     465,     484
     40,      41,     213
    179,     842,     861
    281,     300,     301
     11,     217,     218
     82,     354,     355
    471,     472,     491
    128,     513,     850
    714,     715,     734
    676,     695,     696
    757,     776,     777
    195,     206,     207
     33,      34,     215
    164,     165,     689
    586,     587,     606
    629,     648,     649
    881,     884,     886
    259,     278,     279
    721,     722,     741
    905,     906,     909
    622,     641,     642
     48,     430,     431
     46,     241,     242
    174,     783,     904
    160,     590,     591
      9,     145,     189
    424,     425,     444
    710,     729,     730
     53,     248,     249
      1,      15,      41
     11,      12,     191
    582,     601,     602
     91,     396,     400
     18,      19,     294
     64,      65,     569
     66,     331,     574
    494,     850,     851
     87,      99,     370
    196,     205,     206
    114,     542,     543
    181,     847,     848
    113,     114,     543
    375,     376,     385
    317,     336,     337
    432,     451,     452
     78,      79,     358
    524,     525,     544
     21,     200,     332
     62,     274,     566
    725,     726,     745
      7,     177,     840
    484,     485,     504
    270,     289,     290
    157,     158,     588
    118,     832,     833
    315,     316,     335
    173,     764,     904
    477,     478,     497
    898,     905,     906
    163,     708,     709
    520,     539,     540
      8,     183,     184
    349,     350,     369
    430,     431,     450
     47,      48,     243
    118,     119,     833
    437,     438,     457
      4,     132,     418
    387,     389,     390
    131,     437,     456
     38,     230,     231
    338,     357,     358
    800,     801,     820
    223,     228,     236
    122,     123,     534
     23,      24,     375
    230,     232,     236
    150,     151,     721
    814,     833,     834
    217,     222,     226
    345,     364,     365
    287,     288,     307
     21,     200,     202
    778,     779,     798
     24,     192,     210
    789,     808,     809
     73,      74,     694
    213,     229,     235
     30,      31,     401
    323,     342,     343
     87,      99,     163
    103,     412,     784
    276,     295,     296
    738,     739,     758
    101,     727,     746
    240,     241,     260
    283,     302,     303
      6,      87,     163
    731,     732,     751
    774,     793,     794
    603,     604,     623
    646,     665,     666
     65,     569,     574
    819,     820,     839
     94,     375,     392
    408,     409,     411
    864,     865,     880
    453,     454,     473
    162,     592,     593
    496,     515,     516
     17,      18,     201
     10,      29,     222
    599,     618,     619
     57,      58,     421
    145,     189,     575
    841,     858,     862
    644,     645,     664
     26,      27,     196
    577,     596,     597
    197,     203,     205
    449,     468,     469
    230,     231,     232
     94,     392,     669
      7,     125,     126
    622,     623,     642
    584,     603,     604
    665,     684,     685
    144,     689,     867
    494,     495,     514
    142,     143,     551
    632,     651,     881
    113,     827,     828
    116,     117,     540
    168,     613,     882
    515,     534,     535
    120,     834,     835
      4,      61,     133
    221,     223,     225
    618,     637,     638
    198,     201,     204
     42,     237,     238
    146,     725,     726
    447,     448,     467
     64,     312,     568
    490,     509,     510
     49,      50,     245
     65,     331,     574
    524,     543,     544
     63,      64,     293
    454,     455,     474
     75,      76,     361
    139,     869,     873
      6,      87,     708
    468,     487,     488
    297,     298,     317
    340,     359,     360
    270,     271,     290
    371,     372,     381
    432,     433,     452
    551,     552,     567
    304,     305,     324
    443,     462,     463
     68,      69,     689
     27,      28,     379
     34,     107,     550
    561,     567,     574
     38,     474,     493
     17,     190,     211
    748,     749,     768
    791,     810,     811
    874,     883,     887
    146,     147,     577
    293,     568,     573
    107,     108,     822
     62,      63,     573
    169,     880,     887
    755,     756,     775
    378,     382,     384
    153,     154,     584
     14,      15,     213
    428,     447,     448
    382,     390,     391
    257,     258,     277
    338,     339,     358
     79,      80,     357
    300,     319,     320
    175,     802,     910
    198,     204,     209
    104,     412,     784
    903,     907,     909
    196,     203,     205
    776,     795,     796
    345,     346,     365
    744,     763,     764
     39,     231,     235
    708,     709,     728
    751,     770,     771
    334,     353,     354
    756,     775,     776
     32,      33,     214
    214,     215,     228
    729,     748,     749
    601,     620,     621
     36,      37,     236
    763,     782,     783
    169,     865,     880
      5,     144,     164
    673,     674,     693
    646,     647,     666
    872,     875,     877
    808,     809,     828
     94,      95,     392
     98,     370,     393
    232,     233,     234
    380,     389,     391
     13,      14,     220
    639,     640,     659
    183,     843,     854
    682,     701,     702
    876,     877,     885
    511,     512,     531
    635,     654,     655
    783,     802,     903
    274,     566,     573
    588,     607,     608
     44,     434,     435
    599,     600,     619
    642,     661,     662
     95,     392,     669
    401,     406,     407
    633,     634,     653
     54,      55,     424
    647,     666,     667
     59,     254,     255
    519,     538,     539
    124,     838,     839
    507,     526,     527
    449,     450,     469
    492,     511,     512
    372,     373,     380
    559,     561,     563
    812,     813,     832
    158,     713,     714
    109,     547,     548
     53,      54,     249
    314,     315,     334
     78,     698,     699
    472,     491,     492
    321,     322,     341
     46,      47,     242
    103,     104,     784
     85,      86,     706
    445,     464,     465
    607,     626,     627
     84,     352,     353
    479,     498,     499
    398,     408,     409
     72,      73,     693
    124,     125,     839
    310,     329,     330
    772,     773,     792
     12,      13,     193
    374,     379,     384
    220,     227,     229
    820,     839,     840
    148,     149,     579
    443,     444,     463
      2,      23,      86
    737,     738,     757
    842,     852,     859
    780,     799,     800
     63,     274,     573
    248,     267,     268
    773,     792,     793
    383,     387,     390
    149,     579,     580
    575,     576,     595
    656,     657,     676
    791,     792,     811
      1,      15,     237
    733,     752,     753
    663,     664,     683
    744,     745,     764
    373,     380,     384
    568,     570,     573
    184,     185,     869
     84,     704,     705
    890,     895,     902
    289,     308,     309
    555,     559,     563
    173,     745,     911
    711,     730,     731
    280,     281,     300
     36,     215,     228
    583,     602,     603
    513,     514,     533
    756,     757,     776
    686,     705,     706
    616,     617,     636
     25,      26,     195
    488,     489,     508
    398,     399,     408
     60,      61,     255
    421,     440,     441
    502,     521,     522
    664,     683,     684
    106,     107,     822
    637,     656,     657
    466,     467,     486
    509,     528,     529
    628,     629,     648
      7,     177,     178
    671,     690,     691
    142,     551,     559
    752,     771,     772
    890,     900,     902
    581,     582,     601
    624,     643,     644
     91,      92,     374
    588,     589,     608
    170,     189,     575
    602,     621,     622
    590,     609,     610
    155,     585,     586
    419,     420,     439
    462,     481,     482
      0,      28,      92
     48,     243,     244
    507,     508,     527
      4,      60,     418
     73,     693,     694
     58,     420,     421
    745,     764,     911
    182,     890,     895
    123,     533,     534
    177,     821,     840
    651,     881,     886
    427,     446,     447
    387,     388,     389
    519,     520,     539
    124,     532,     533
    472,     473,     492
     74,      75,     695
    720,     721,     740
    876,     878,     885
      5,      67,     369
     96,      97,     388
      2,      22,      86
    797,     816,     817
    265,     284,     285
    152,     153,     583
     59,     419,     420
     11,     191,     197
    299,     318,     319
    310,     311,     330
    344,     345,     364
    377,     378,     382
    317,     318,     337
     42,      43,     238
    231,     235,     474
    820,     821,     840
    113,     114,     828
    680,     681,     700
    120,     121,     835
     32,     214,     221
    894,     899,     908
    795,     796,     815
    263,     264,     283
     86,     706,     707
     68,      69,     368
    739,     740,     759
    325,     344,     345
    530,     531,     550
    611,     612,     631
    773,     774,     793
    816,     835,     836
    645,     646,     665
    318,     337,     338
    780,     781,     800
    843,     846,     855
    733,     734,     753
    231,     232,     233
    666,     685,     686
     36,     228,     236
    278,     297,     298
    483,     484,     503
      6,     100,     708
     89,      90,     399
    769,     788,     789
    871,     876,     877
    598,     599,     618
    641,     660,     661
     72,      73,     364
    274,     293,     573
     60,      61,     133
    605,     606,     625
    686,     687,     706
    619,     638,     639
    172,     745,     911
    448,     449,     468
     30,     216,     222
    157,     587,     588
    491,     510,     511
    421,     422,     441
    626,     645,     646
    214,     223,     228
    868,     876,     878
     78,     358,     359
    594,     613,     614
    579,     598,     599
    888,     889,     901
    175,     176,     802
     23,      93,     375
    140,     141,     555
     50,     428,     429
      1,      16,     237
    135,     553,     557
    444,     463,     464
    189,     726,     889
    154,     717,     718
    246,     247,     266
    230,     236,     512
    489,     490,     509
     96,     388,     631
     59,      60,     255
    105,     803,     822
      1,      15,      42
    166,     881,     886
    496,     497,     516
     87,      88,     370
    115,     829,     830
    172,     726,     889
    192,     195,     207
    327,     328,     347
     80,     356,     357
     93,     688,     707
    145,     189,     726
    485,     504,     505
    675,     676,     695
    561,     563,     572
    173,     174,     764
    165,     689,     867
    176,     821,     893
     81,      82,     355
    247,     266,     267
    110,     546,     547
    709,     710,     729
    169,     594,     613
    144,     164,     689
    405,     413,     414
    292,     293,     312
    254,     273,     274
    335,     354,     355
    797,     798,     817
    265,     266,     285
     17,      18,     275
    402,     404,     406
    299,     300,     319
    342,     361,     362
     46,     432,     433
    743,     744,     763
    786,     805,     806
    185,     186,     891
    129,     475,     494
     39,     235,     474
     22,      86,     351
    160,     711,     712
     36,     236,     512
    288,     307,     308
    750,     751,     770
    513,     850,     852
     94,      95,     669
    793,     812,     813
    252,     253,     272
     16,     237,     256
    295,     314,     315
    397,     398,     409
    728,     729,     748
    632,     881,     882
    130,     131,     849
    658,     677,     678
    600,     601,     620
    739,     758,     759
    147,     148,     724
     51,      52,     427
    131,     844,     862
      5,      68,     369
    746,     765,     766
     65,     312,     569
    589,     608,     609
    190,     194,     211
    681,     682,     701
    724,     743,     744
    126,     127,     852
    596,     615,     616
     29,      92,     396
     56,      57,     422
    641,     642,     661
    553,     556,     566
    677,     696,     697
    172,     173,     911
    506,     507,     526
     98,     593,     612
    494,     513,     850
    125,     839,     840
    169,     613,     887
    594,     595,     614
    115,     116,     541
     20,     202,     332
    601,     602,     621
    329,     330,     349
     54,      55,     250
     62,     566,     573
     97,     388,     631
     54,     249,     250
    119,     833,     834
    444,     445,     464
    487,     506,     507
    101,     397,     727
    108,     109,     548
     19,      20,     199
    807,     808,     827
     48,      49,     244
    480,     499,     500
    309,     310,     329
    282,     283,     302
    177,     821,     893
    119,     120,     537
    316,     317,     336
     80,      81,     701
    440,     459,     460
    269,     270,     289
     63,     568,     573
     24,      25,     376
    903,     904,     905
    760,     761,     780
     64,     312,     569
     65,      66,     574
    803,     822,     823
    409,     411,     416
    119,     120,     834
    613,     882,     887
     34,      35,     215
    305,     324,     325
    767,     768,     787
    404,     415,     417
     87,     100,     397
    139,     140,     873
     33,      34,     395
    112,     113,     544
    610,     611,     630
    254,     255,     274
    653,     672,     673
     16,     190,     237
     37,     236,     512
    788,     807,     808
    164,     689,     867
     99,     163,     593
    617,     618,     637
    145,     171,     189
    874,     880,     887
     60,     418,     419
    775,     794,     795
    243,     262,     263
    802,     903,     910
    847,     848,     856
    169,     170,     594
    168,     613,     887
    606,     625,     626
    250,     269,     270
     88,      89,     398
    741,     760,     761
    613,     632,     633
     19,      20,     313
    523,     524,     543
    903,     907,     910
    685,     686,     705
    728,     747,     748
    658,     659,     678
    856,     860,     863
     63,     274,     293
    855,     857,     863
     79,     699,     700
    672,     691,     692
    463,     482,     483
     10,      11,     217
     45,     433,     434
    508,     509,     528
     20,     313,     332
     88,     370,     371
    681,     700,     701
    654,     673,     674
     93,      94,     688
    497,     516,     517
     10,      28,     197
     64,     568,     569
    461,     462,     481
    504,     523,     524
    585,     604,     605
     20,     199,     313
    333,     334,     353
     26,     195,     196
    576,     577,     596
    871,     873,     876
      6,      87,      99
    131,     456,     849
    114,     828,     829
    583,     584,     603
    174,     903,     904
    224,     227,     233
     37,     230,     512
    180,     181,     894
    230,     493,     512
    150,     580,     581
    139,     140,     560
    896,     907,     908
    457,     476,     477
     43,      44,     239
     43,     238,     239
    329,     348,     349
    502,     503,     522
    762,     763,     782
     76,     360,     361
     12,     191,     193
    121,     835,     836
    264,     265,     284
    307,     326,     327
    167,     632,     881
    422,     441,     442
    271,     272,     291
    412,     414,     415
     97,      98,     612
    282,     301,     302
     12,     218,     219
    594,     613,     887
    100,     397,     727
     69,      70,     690
    429,     448,     449
    715,     716,     735
    758,     777,     778
    557,     564,     565
    107,     549,     550
    792,     811,     812
    260,     279,     280
    722,     723,     742
    803,     804,     823
    294,     313,     314
     81,     355,     356
    305,     306,     325
    348,     367,     368
    161,     591,     592
     15,      16,     190
    339,     340,     359
    668,     669,     688
    156,     715,     716
    223,     225,     232
    100,     101,     397
    730,     749,     750
     47,      48,     431
    157,     714,     715
      4,      60,      61
    855,     856,     863
    115,     116,     830
     74,      75,     362
    790,     791,     810
    518,     519,     538
    301,     320,     321
     93,      94,     375
    130,     456,     849
    723,     742,     743
    565,     570,     571
    525,     526,     545
    606,     607,     626
    437,     456,     849
    649,     668,     669
    811,     830,     831
    182,     183,     890
    138,     183,     843
    640,     641,     660
    683,     702,     703
    613,     614,     633
    411,     412,     414
    313,     332,     333
    216,     225,     226
    775,     776,     795
    130,     456,     475
    127,     128,     850
    514,     533,     534
    897,     905,     911
     34,     106,     395
     19,     198,     199
    478,     479,     498
    521,     540,     541
    431,     432,     451
    636,     655,     656
    438,     439,     458
    877,     884,     885
     98,     370,     593
    186,     868,     870
    614,     633,     634
     44,      45,     434
    130,     456,     853
    486,     505,     506
    815,     834,     835
    459,     478,     479
    621,     640,     641
     18,      19,     198
    563,     571,     572
     22,      23,      86
    779,     780,     799
    176,     893,     910
    165,     867,     879
    821,     893,     910
     31,      32,     402
    324,     343,     344
     49,      50,     429
    553,     564,     566
    175,     802,     903
    439,     458,     459
    241,     242,     261
     25,     192,     195
    371,     381,     386
    446,     465,     466
    527,     546,     547
    732,     733,     752
    186,     187,     892
    568,     569,     570
     66,     567,     574
    491,     492,     511
    277,     296,     297
     32,      33,     394
    214,     221,     223
    262,     281,     282
      3,      34,     106
    110,     824,     825
     37,      38,     493
    322,     323,     342
     29,      30,     222
    156,     157,     715
    237,     256,     257
     53,      54,     425
    103,     412,     765
    102,     746,     765
    740,     759,     760
      0,      10,      28
    670,     671,     690
    897,     898,     905
    713,     732,     733
    143,     144,     867
     35,     215,     550
    242,     261,     262
    785,     786,     805
    747,     766,     767
    758,     759,     778
    249,     268,     269
    330,     349,     350
    792,     793,     812
    260,     261,     280
    149,     150,     722
     37,     493,     512
    142,     866,     872
    294,     295,     314
    120,     536,     537
     37,     230,     236
    337,     356,     357
    623,     624,     643
    183,     184,     890
    191,     205,     208
    229,     231,     235
    408,     411,     414
    657,     658,     677
    134,     841,     844
    781,     800,     801
    630,     631,     650
    145,     171,     726
     13,     219,     220
    176,     821,     910
    247,     248,     267
    290,     309,     310
    723,     724,     743
    121,     535,     536
    595,     596,     615
    638,     657,     658
    875,     879,     886
    469,     488,     489
    869,     873,     876
     55,     250,     251
    503,     522,     523
    433,     434,     453
    128,     494,     850
    514,     515,     534
    158,     159,     713
    378,     379,     384
    467,     468,     487
    591,     610,     611
    521,     522,     541
      6,     163,     708
    420,     421,     440
     14,      15,     190
    167,     881,     882
    406,     413,     415
    147,     148,     578
    636,     637,     656
    105,     410,     417
    904,     905,     911
     97,      98,     393
    154,     155,     585
     99,     370,     593
     35,     531,     550
    375,     385,     392
    875,     884,     886
    501,     502,     521
    159,     160,     590
    176,     177,     893
    346,     347,     366
    174,     764,     904
    589,     590,     609
    768,     769,     788
    856,     859,     860
    103,     765,     784
    522,     541,     542
    891,     892,     898
    324,     325,     344
    266,     285,     286
    439,     440,     459
    482,     501,     502
     56,      57,     252
    202,     313,     332
